9 18 1 赵旭峰
9 19 2 田程浩
9 20 3 公共值日
9 21 4 刘琦
9 22 5 周玉
9 23 6 欧绍田
9 24 7 王延升
9 25 1 赵旭峰
9 26 2 田程浩
9 27 3 公共值日
9 28 4 刘琦
9 29 5 周玉
9 30 6 欧绍田
10 1 7 王延升
10 2 1 赵旭峰
10 3 2 田程浩
10 4 3 公共值日
10 5 4 刘琦
10 6 5 周玉
10 7 6 欧绍田
10 8 7 王延升
10 9 1 赵旭峰
10 10 2 田程浩
10 11 3 公共值日
10 12 4 刘琦
10 13 5 周玉
10 14 6 欧绍田
10 15 7 王延升
10 16 1 赵旭峰
10 17 2 田程浩
10 18 3 公共值日
10 19 4 刘琦
10 20 5 周玉
10 21 6 欧绍田
10 22 7 王延升
10 23 1 赵旭峰
10 24 2 田程浩
10 25 3 公共值日
10 26 4 刘琦
10 27 5 周玉
10 28 6 欧绍田
10 29 7 王延升
10 30 1 赵旭峰
10 31 2 田程浩
11 1 3 公共值日
11 2 4 刘琦
11 3 5 周玉
11 4 6 欧绍田
11 5 7 王延升
11 6 1 赵旭峰
11 7 2 田程浩
11 8 3 公共值日
11 9 4 刘琦
11 10 5 周玉
11 11 6 欧绍田
11 12 7 王延升
11 13 1 赵旭峰
11 14 2 田程浩
11 15 3 公共值日
11 16 4 刘琦
11 17 5 周玉
11 18 6 欧绍田
11 19 7 王延升
11 20 1 赵旭峰
11 21 2 田程浩
11 22 3 公共值日
11 23 4 刘琦
11 24 5 周玉
11 25 6 欧绍田
11 26 7 王延升
11 27 1 赵旭峰
11 28 2 田程浩
11 29 3 公共值日
11 30 4 刘琦
12 1 5 周玉
12 2 6 欧绍田
12 3 7 王延升
12 4 1 赵旭峰
12 5 2 田程浩
12 6 3 公共值日
12 7 4 刘琦
12 8 5 周玉
12 9 6 欧绍田
12 10 7 王延升
12 11 1 赵旭峰
12 12 2 田程浩
12 13 3 公共值日
12 14 4 刘琦
12 15 5 周玉
12 16 6 欧绍田
12 17 7 王延升
12 18 1 赵旭峰
12 19 2 田程浩
12 20 3 公共值